0
8
1
Form1
10.00 10.00
10.19 10.98
7.02 10.31
8.82 8.38
9.67 9.05
2
Form2
10.00 10.00
14.24 12.65
7.06 14.05
8.15 9.25
9.56 9.10
3
Form3
10.00 10.00
13.32 12.24
9.97 11.00
4
Form4
10.00 10.00
11.09 11.68
8.94 11.70
9.01 10.12
5.00 10.00
8.64 8.54
7.71 6.72
9.32 8.12
9.45 8.08
9.03 6.12
5
Form5
10.00 10.00
14.92 10.87
10.63 10.78
8.54 14.78
8.36 8.85
9.32 9.27
6
Form6
10.00 10.00
10.52 14.97
7.54 11.72
5.85 12.80
7.38 6.98
7.76 6.68
9.09 8.22
7
Form7
10.00 10.00
8.64 11.46
6.27 11.43
8
Form8
10.00 10.00
10.09 15.00
6.01 13.01
