14
34
1
Form1
2.46 -1.72
3.94 -0.70
-4.50 2.18
0.96 -0.29
-0.85 -2.88
3.96 0.56
-2.70 4.21
-3.00 -0.00
-2.70 -4.21
2.97 -0.42
2.97 -0.42
2
Form1
2.46 -1.72
3.94 -0.70
-4.50 2.18
0.96 -0.29
-0.85 -2.88
3.96 0.56
-2.70 4.21
-3.00 -0.00
-2.70 -4.21
2.97 -0.42
2.97 -0.42
3
Form1
2.46 -1.72
3.94 -0.70
-4.50 2.18
0.96 -0.29
-0.85 -2.88
3.96 0.56
-2.70 4.21
-3.00 -0.00
-2.70 -4.21
2.97 -0.42
2.97 -0.42
4
Form1
2.46 -1.72
3.94 -0.70
-4.50 2.18
0.96 -0.29
-0.85 -2.88
3.96 0.56
-2.70 4.21
-3.00 -0.00
-2.70 -4.21
2.97 -0.42
2.97 -0.42
5
Form1
2.46 -1.72
3.94 -0.70
-4.50 2.18
0.96 -0.29
-0.85 -2.88
3.96 0.56
-2.70 4.21
-3.00 -0.00
-2.70 -4.21
2.97 -0.42
2.97 -0.42
6
Form2
3.82 1.19
0.61 -0.79
-1.35 -1.48
-3.00 0.05
3.85 1.08
-2.04 4.56
1.68 -1.09
2.97 0.42
-1.08 1.68
-0.54 -0.84
0.83 -1.82
2.97 -0.42
2.97 -0.42
7
Form2
3.82 1.19
0.61 -0.79
-1.35 -1.48
-3.00 0.05
3.85 1.08
-2.04 4.56
1.68 -1.09
2.97 0.42
-1.08 1.68
-0.54 -0.84
0.83 -1.82
2.97 -0.42
2.97 -0.42
8
Form2
3.82 1.19
0.61 -0.79
-1.35 -1.48
-3.00 0.05
3.85 1.08
-2.04 4.56
1.68 -1.09
2.97 0.42
-1.08 1.68
-0.54 -0.84
0.83 -1.82
2.97 -0.42
2.97 -0.42
9
Form2
3.82 1.19
0.61 -0.79
-1.35 -1.48
-3.00 0.05
3.85 1.08
-2.04 4.56
1.68 -1.09
2.97 0.42
-1.08 1.68
-0.54 -0.84
0.83 -1.82
2.97 -0.42
2.97 -0.42
10
Form2
3.82 1.19
0.61 -0.79
-1.35 -1.48
-3.00 0.05
3.85 1.08
-2.04 4.56
1.68 -1.09
2.97 0.42
-1.08 1.68
-0.54 -0.84
0.83 -1.82
2.97 -0.42
2.97 -0.42
11
Form2
3.82 1.19
0.61 -0.79
-1.35 -1.48
-3.00 0.05
3.85 1.08
-2.04 4.56
1.68 -1.09
2.97 0.42
-1.08 1.68
-0.54 -0.84
0.83 -1.82
2.97 -0.42
2.97 -0.42
12
Form2
3.82 1.19
0.61 -0.79
-1.35 -1.48
-3.00 0.05
3.85 1.08
-2.04 4.56
1.68 -1.09
2.97 0.42
-1.08 1.68
-0.54 -0.84
0.83 -1.82
2.97 -0.42
2.97 -0.42
13
Form2
3.82 1.19
0.61 -0.79
-1.35 -1.48
-3.00 0.05
3.85 1.08
-2.04 4.56
1.68 -1.09
2.97 0.42
-1.08 1.68
-0.54 -0.84
0.83 -1.82
2.97 -0.42
2.97 -0.42
14
Form3
-3.03 3.98
0.50 -0.86
-1.93 -0.52
-2.64 -3.00
-1.69 -1.07
-0.02 -5.00
3.64 1.65
-3.02 2.63
-3.84 -1.12
0.83 1.82
-4.00 -0.00
-2.70 -4.21
-0.57 1.92
-0.57 1.92
15
Form3
-3.03 3.98
0.50 -0.86
-1.93 -0.52
-2.64 -3.00
-1.69 -1.07
-0.02 -5.00
3.64 1.65
-3.02 2.63
-3.84 -1.12
0.83 1.82
-4.00 -0.00
-2.70 -4.21
-0.57 1.92
-0.57 1.92
16
Form3
-3.03 3.98
0.50 -0.86
-1.93 -0.52
-2.64 -3.00
-1.69 -1.07
-0.02 -5.00
3.64 1.65
-3.02 2.63
-3.84 -1.12
0.83 1.82
-4.00 -0.00
-2.70 -4.21
-0.57 1.92
-0.57 1.92
17
Form3
-3.03 3.98
0.50 -0.86
-1.93 -0.52
-2.64 -3.00
-1.69 -1.07
-0.02 -5.00
3.64 1.65
-3.02 2.63
-3.84 -1.12
0.83 1.82
-4.00 -0.00
-2.70 -4.21
-0.57 1.92
-0.57 1.92
18
Form4
4.98 0.44
0.48 -1.94
0.55 0.84
3.80 3.25
3.96 0.56
1.66 3.64
2.97 -0.42
2.97 -0.42
19
Form4
4.98 0.44
0.48 -1.94
0.55 0.84
3.80 3.25
3.96 0.56
1.66 3.64
2.97 -0.42
2.97 -0.42
20
Form4
4.98 0.44
0.48 -1.94
0.55 0.84
3.80 3.25
3.96 0.56
1.66 3.64
2.97 -0.42
2.97 -0.42
21
Form4
4.98 0.44
0.48 -1.94
0.55 0.84
3.80 3.25
3.96 0.56
1.66 3.64
2.97 -0.42
2.97 -0.42
22
Form4
4.98 0.44
0.48 -1.94
0.55 0.84
3.80 3.25
3.96 0.56
1.66 3.64
2.97 -0.42
2.97 -0.42
23
Form4
4.98 0.44
0.48 -1.94
0.55 0.84
3.80 3.25
3.96 0.56
1.66 3.64
2.97 -0.42
2.97 -0.42
24
Form4
4.98 0.44
0.48 -1.94
0.55 0.84
3.80 3.25
3.96 0.56
1.66 3.64
2.97 -0.42
2.97 -0.42
25
Form4
4.98 0.44
0.48 -1.94
0.55 0.84
3.80 3.25
3.96 0.56
1.66 3.64
2.97 -0.42
2.97 -0.42
26
Form5
1.67 -2.50
-4.78 1.48
-2.97 -0.40
2.13 -3.38
3.04 2.60
-2.72 1.26
4.20 -2.72
-1.51 1.31
-0.28 -0.96
3.96 0.56
2.08 4.55
-1.62 -2.52
1.25 -2.73
3.96 -0.56
3.96 -0.56
27
Form5
1.67 -2.50
-4.78 1.48
-2.97 -0.40
2.13 -3.38
3.04 2.60
-2.72 1.26
4.20 -2.72
-1.51 1.31
-0.28 -0.96
3.96 0.56
2.08 4.55
-1.62 -2.52
1.25 -2.73
3.96 -0.56
3.96 -0.56
28
Form5
1.67 -2.50
-4.78 1.48
-2.97 -0.40
2.13 -3.38
3.04 2.60
-2.72 1.26
4.20 -2.72
-1.51 1.31
-0.28 -0.96
3.96 0.56
2.08 4.55
-1.62 -2.52
1.25 -2.73
3.96 -0.56
3.96 -0.56
29
Form5
1.67 -2.50
-4.78 1.48
-2.97 -0.40
2.13 -3.38
3.04 2.60
-2.72 1.26
4.20 -2.72
-1.51 1.31
-0.28 -0.96
3.96 0.56
2.08 4.55
-1.62 -2.52
1.25 -2.73
3.96 -0.56
3.96 -0.56
30
Form5
1.67 -2.50
-4.78 1.48
-2.97 -0.40
2.13 -3.38
3.04 2.60
-2.72 1.26
4.20 -2.72
-1.51 1.31
-0.28 -0.96
3.96 0.56
2.08 4.55
-1.62 -2.52
1.25 -2.73
3.96 -0.56
3.96 -0.56
31
Form5
1.67 -2.50
-4.78 1.48
-2.97 -0.40
2.13 -3.38
3.04 2.60
-2.72 1.26
4.20 -2.72
-1.51 1.31
-0.28 -0.96
3.96 0.56
2.08 4.55
-1.62 -2.52
1.25 -2.73
3.96 -0.56
3.96 -0.56
32
Form5
1.67 -2.50
-4.78 1.48
-2.97 -0.40
2.13 -3.38
3.04 2.60
-2.72 1.26
4.20 -2.72
-1.51 1.31
-0.28 -0.96
3.96 0.56
2.08 4.55
-1.62 -2.52
1.25 -2.73
3.96 -0.56
3.96 -0.56
33
Form5
1.67 -2.50
-4.78 1.48
-2.97 -0.40
2.13 -3.38
3.04 2.60
-2.72 1.26
4.20 -2.72
-1.51 1.31
-0.28 -0.96
3.96 0.56
2.08 4.55
-1.62 -2.52
1.25 -2.73
3.96 -0.56
3.96 -0.56
34
Form5
1.67 -2.50
-4.78 1.48
-2.97 -0.40
2.13 -3.38
3.04 2.60
-2.72 1.26
4.20 -2.72
-1.51 1.31
-0.28 -0.96
3.96 0.56
2.08 4.55
-1.62 -2.52
1.25 -2.73
3.96 -0.56
3.96 -0.56
