37
35
8
Form1
1
5
10 10
10.1908 10.9816
7.01643 10.3136
8.82443 8.38197
9.67443 9.05448
Form2
1
5
10 10
14.2402 12.6496
7.06107 14.0451
8.14563 9.25079
9.56163 9.10121
Form3
1
3
10 10
13.3162 12.2368
9.9651 10.9994
Form4
1
10
10 10
11.0893 11.6773
8.94016 11.6961
9.00745 10.1219
5 10
8.636 8.53729
7.70569 6.72339
9.31596 8.12061
9.44873 8.07748
9.03231 6.11882
Form5
1
6
10 10
14.924 10.8682
10.6293 10.7771
8.53814 14.7815
8.3617 8.85285
9.318 9.26865
Form6
1
7
10 10
10.5226 14.9726
7.54254 11.7207
5.85481 12.796
7.37576 6.98116
7.76323 6.68385
9.09202 8.21799
Form7
1
3
10 10
8.636 11.4627
6.26568 11.4335
Form8
1
3
10 10
10.0873 14.9992
6.00682 13.0091
